0,433
3,2
3,1
3,3
10,120
10,253
10,24
10,91
10,246
10,154
10,147
10,95
10,2
10,3
11,5
11,24
11,30
11,12
11,28
11,20
11,2
11,3
9,7
9,1
9,5
9,2
9,3
8,6
8,7
8,14
8,13
8,2
8,3
20,2
20,1
20,3
964,4
964,3
964,2
964,1
964,0
962,6
19,2
962,5
19,1
962,4
19,3
962,3
962,2
962,1
962,0
903,3
903,1
893,175
893,174
893,173
893,172
893,171
893,170
893,169
893,168
893,167
893,166
893,165
893,164
893,163
893,162
893,161
893,160
893,159
893,158
893,157
893,156
893,155
893,154
893,153
893,152
893,151
893,150
893,149
893,148
893,147
893,146
893,145
893,144
893,143
893,142
893,141
893,140
893,139
893,138
893,137
893,136
893,135
893,134
893,133
893,132
893,131
893,130
893,129
893,128
893,127
893,126
893,125
893,124
893,123
893,122
893,121
893,120
893,119
893,118
893,117
893,116
893,115
893,114
893,113
893,112
893,111
893,110
893,109
893,108
893,107
893,106
893,105
893,104
893,103
893,102
893,101
893,100
893,99
893,98
893,97
893,96
893,95
893,94
893,93
893,92
893,91
893,90
893,89
893,88
893,87
893,86
893,85
18,1
893,84
18,3
893,83
893,82
893,81
893,80
893,79
893,78
893,77
14,1
893,76
14,6
893,75
14,3
